320671199
265764268
420868214
421898153
150526521
354346642
162835607
566711817
566711817
162835607
354346642
150526521
421898153
420868214
265764268
320671199
127074312
282979962
151354558
287949745
259313729
51540016
565403423
595981346
263840631
199182958
414812982
434037763
132286950
182145622
367040480
295117035
574267896
526411173
93538531
328393922
602086935
368712328
295700680
371914777
371914777
602086935
388030965
166168450
556653666
164039735
419507506
158875812
353144077
65730127
65730127
556653666
353144077
419507506
164039735
141017825
309433946
224696740
278838269
452562246
170618915
471958610
406974089
156852121
464604506
535530100
283501493
268102370
400465227
274575774
581118144
327713777
531487448
20484138
178951463
218255661
231196827
478214098
182870435
240023815
133916769
570004555
177733285
284513184
143625415
232220473
267019615
266771199
193367575
229371865
413470833
386194260
10411466
458094906
320564912
523559957
125419838
203313799
243812172
356757544
215200801
215260244
349418968
215260244
215200801
203313799
523559957
458094906
233114414
588340124
309893611
392908404
137291660
546943648
146975559
251656039
270843556
300147639
264980220
268348851
426954882
116784891
236855440
165279421
580605902
291800238
259012157
534191970
567836084
212555846
191430230
149310541
199623178
400608531
66616224
298197953
446394410
7006872
7006872
446394410
298197953
66616224
199623178
149310541
191430230
212555846
256260784
399885590
322321779
322321779
399885590
256260784
7006872
446394410
298197953
66616224
199623178
191430230
212555846
309174669
134792866
435086248
415336716
314454245
401243140
59935937
