565823963
346538586
381400556
222465949
265556329
30202310
376863170
137187221
169223758
313991904
576346020
285125041
343198177
389886932
461551446
276776961
350329337
574430374
378709337
336068065
238414196
4184183
359987849
327382965
305648468
138674123
111259380
179025267
379121505
268493036
137536008
519818528
268901442
319210224
452276259
571262643
246510535
413301874
330319129
295420746
72446456
295875463
201399000
415123412
262958517
542158291
146596897
386140427
220275988
305783786
488799009
457564411
134494796
375925352
17833294
442574660
377718229
179958782
556206720
431757653
398883832
174636646
457000322
121374238
243430838
137880669
75214825
258307612
268730099
472278060
346937161
320422750
137187699
313901033
210918763
220506409
203297802
437123320
105381848
225935264
457369911
370098538
85585560
451682472
139352976
95550956
119256931
406986011
62912165
448513037
287470088
138821592
552083692
254220850
130873923
422663100
333721813
30626679
209864639
576093055
295661543
134717972
135131246
96951222
153100774
80874189
186630089
246357503
187052414
89365024
459156412
176146508
86866154
320583068
387218098
272651029
314983699
320439439
135527035
12756385
309407062
123365112
183502402
349485607
198407857
50174609
13613688
151139344
287877038
85065610
504961217
138167213
20344544
480876390
266743111
54360666
282275247
18499067
176676717
425313212
132353386
288203543
135958976
120684165
170311722
116611734
223515327
72609726
203142425
150480528
403535268
334360138
147886055
91881617
530689813
85296498
271771224
511781548
296613165
180216116
226973996
156724820
540223603
274320657
172538646
502279081
123283527
351101380
141869730
544146789
318802862
44840777
163105448
139202937
135008751
162668946
288998822
134982329
41728451
300729172
440286007
415262046
465359333
145946867
503845847
268301841
412833437
197648556
530038976
266500393
154267561
95885699
186175881
323517956
120883443
568485907
44295501
168107797
86418317
236437014
136596490
155742454
362722564
213786969
146970282
147061683
137382147
365298793
179560790
435283198
70422236
136176618
16657608
65308511
271925627
584950524
182084655
243713778
558404198
409773762
274617866
184459844
122782690
223046072
566277370
13621729
29440965
348077532
8086260
72511580
457499125
131988202
136095926
42606971
236457523
328227635
316013732
434807596
63478915
375744462
309300156
70454449
138173687
28831472
148657766
362160639
154864853
157867606
288675870
202285430
585325473
354175914
362618462
267165418
239248240
141354990
230369684
155387134
37175707
175930339
351141729
2907071
573435021
167285045
268688796
266144715
108376626
183633254
143112014
406677816
65832901
150630476
257364774
58609554
52273237
51399729
145367743
89759718
232469752
67116074
137132908
159252668
83005731
348054153
68700564
60093958
513437579
133876350
294901273
164690348
277250578
410589365
115969295
465738593
201083112
228439947
134627803
43769735
83645831
245848662
180729658
147574825
25826032
151297150
168856404
494174771
163850322
175234343
219017734
162889290
221035508
124073822
92414774
62912530
535564900
550680793
177746941
176483511
134795841
520956370
267401316
554442533
166246757
339374056
16766606
487783477
378647739
167716333
52113423
24706372
121040484
491771628
149979880
377371640
523721263
128889781
10551612
455378051
156604903
215359942
233391998
400343844
154301589
309103781
222275024
341827080
400824455
394589747
560880407
179448059
13726959
137719629
344020011
154871386
135868930
287591807
137145255
75474221
270622276
385008221
391533505
382655024
144569631
392816870
348331130
73579329
147963375
484639018
108173935
45720575
272333885
85178389
196825899
12916445
79550834
131869018
469791123
218037170
451891416
110919202
559378434
7048161
373567317
267804268
254707334
65927297
318323154
51317136
139604517
152527239
330176200
471045787
233621404
547677503
502874333
60177743
488861678
100524437
180665773
57575070
33650385
4761484
164137138
151265669
248890421
6873858
399032549
509776504
448043939
76919007
239146782
379912671
357329219
422170451
257779880
176683965
270142680
358999825
298292358
589328040
7688007
51915940
21189191
8509299
350635279
45992997
388917652
142578492
241078652
46353292
169917693
306453800
22898635
238155042
152811417
556289316
146392530
99445783
346200139
17586293
379309534
251084890
174701337
261812235
19243123
487165886
280843636
315896972
219152632
339570392
490035780
175395256
572788389
380892670
511171667
112121918
212395191
458805422
110658067
156987094
13115684
60720566
145194239
29496999
195194507
138131408
22134469
238383725
233022592
558274764
530672896
216379542
301336773
193871937
168542892
64746829
416523072
264196256
457095299
158110237
196182500
483741323
165560640
272439726
183901320
316507301
161051435
155451577
176544834
395634737
380496064
29716426
317651116
59315189
360900368
446717408
267791848
177322025
233081436
281045784
138391535
300639007
168152265
178808592
142657414
206702586
221768096
284325275
200575730
139271098
294741500
151864342
11970204
411655372
240152317
167498029
18654852
534970202
547041233
156029990
138218510
108137796
201985331
400830620
571371542
252550288
139034906
160076893
285665138
82672617
506169408
56172248
15940473
384753495
544420805
255727273
505068689
524863197
527589232
132923559
384879969
532818674
361813632
373989295
496467105
181882950
379356246
7818474
279138953
30581738
539879305
126358582
335141834
584746882
340781444
155045692
331672813
284759054
475782397
150445553
28853692
216250987
181129603
97560004
133122788
206956873
550324841
328853344
223160003
421911078
274437031
555635314
139716360
141721745
260196852
497485002
110374131
487455481
52163671
207416175
185904836
156155155
174867379
148027896
76514730
21756209
458401814
351274787
524567133
152064689
281715437
161761473
443960072
340927052
274411804
150496554
496134792
123162213
157926422
258743303
594289
283867296
212597884
404143491
76014297
520969311
239086204
258586125
139583251
323153477
145050388
134033105
144178126
552612811
295434020
200172548
135677817
320307678
155064979
138746841
477501544
134144852
37768948
304263949
273864336
52116662
330146021
384591313
545843089
229018112
204653948
89814429
275005171
18030121
129984673
179070672
17636227
158466529
161249959
342017118
149091965
249948340
218578266
274582239
564263810
389956825
204918316
177163868
434118154
181540552
186666589
452843578
538711608
19453208
37604775
520363303
250323428
138934771
264644911
208958125
359941142
28174745
132474614
448729232
525080751
138044833
366572839
379695538
141058117
209751071
27948495
309633342
238497456
199651443
31586047
265548103
316749885
15910182
77078872
42744512
30442978
79739538
230225252
482673963
136781427
76666133
214060611
58269456
417289164
124210697
12590542
323548087
49686192
315871964
252314261
423030369
163583798
134488419
155961320
167498825
30557348
274793672
429648822
68089868
428436805
119607571
140303189
202670164
403602200
207453525
229803672
59382385
122842295
239217358
348089102
56133060
147451673
194173104
369069601
459303014
180734924
333111363
368147734
159751365
317613115
200424368
200337223
166777150
40086870
384317505
1425674
524730018
252693623
573444034
163756663
40110505
319191189
273596661
17936339
73987349
162683958
156480599
257884847
583603829
369444761
96180625
167146260
329887809
156140547
430000967
550180220
300959594
140946044
192511407
245811196
141127021
504085163
173883454
24152191
45197845
117226855
558258767
302158488
292641079
591395545
34218958
533200237
200400425
166729432
95318558
369514307
395019257
574346674
18102175
260023933
463586678
119922203
576614733
358663649
442534573
18420186
12169484
552978745
171861878
139391910
496022539
463084746
300120965
219267430
60996085
369965056
579714363
387973401
311149817
193255792
313781659
161601320
249945087
280745115
397961522
562890726
487040827
189490752
423041697
310629056
156814470
240628110
150293953
538466211
402853007
243480812
14789855
409842470
458711546
248930296
326328742
58522600
215711345
33458426
175341866
95306866
167028489
521085051
210183419
322712943
350940674
152669696
23709201
126763037
25699679
7895469
582167823
354646751
500576348
532551422
60199979
497314600
355582285
207934066
487585501
138398281
210565908
166266962
360900847
188120367
296357685
244581807
147562514
184770555
201737822
212995472
119027594
66430344
503477121
31310423
145338507
270616340
430462106
148422738
510556048
94426129
75617066
139447015
131952329
145054059
515308328
384376416
17590532
229302683
136152835
353871005
239198162
509610963
234844492
367450465
311598663
522156663
577308775
579714330
121642346
533828265
324311268
157646232
68590830
483843661
206701462
224757454
365172052
24236830
20025017
104459546
183400564
263343654
186078782
209833559
140456614
492478746
94749511
269702726
276798992
458278307
379842438
36431161
326208399
125921183
111903834
161287313
555095704
54889212
571145132
308195841
179707386
454292070
76598417
528254859
446889441
301373249
323490975
438201619
120846173
173615850
206839593
212407751
136029751
311739883
143312954
17813870
465943679
214685663
95321950
157048155
343218359
63064499
529925491
156488481
484464916
114071802
239306612
13075505
66789
239632509
162587361
4270270
66833970
175628298
132476256
470198983
226631367
471866656
351728761
127400493
396564144
491056973
140614290
152797309
578645755
154108583
5773118
66331633
141385264
201803866
94569347
320405133
4714341
502396644
476003528
572020874
3529091
67157724
182043222
50076052
39601173
7706199
153496641
177298998
468824792
303853050
168326923
291126352
323369096
223915599
461732482
86014184
584149929
560253147
155303641
555001137
166626388
38929458
294854852
231665699
333780923
419993635
528023127
408000347
54948068
147714368
370875919
279002811
175522725
80833779
329627537
181357957
224664241
476807049
196785030
136211041
434278562
252029470
310250382
350984602
172176110
52902470
15460772
78350583
349024456
57142899
118660510
243363882
570811190
215744874
454379046
225875763
348734099
379218516
276527744
58692273
237762593
404837614
132329856
486981811
177993262
580092736
247264840
446089405
301468769
142886899
395998990
528347054
469459607
177641157
199069015
374824835
342912203
333354129
351626434
21316687
416756208
448574115
426702107
163036994
254839808
21423246
125913648
558166929
227447682
20680032
520950940
228020252
295873775
18040049
477193583
295271964
466963712
172015146
150668027
330152601
309566681
153888694
124123976
169256491
54862001
510550124
377358595
128585504
153289284
67763499
65714966
252106645
229216044
221311462
136095940
338374881
462420391
44591029
96483913
198892407
264425089
499832760
164865035
527335569
253088303
119784869
311614929
466031139
137241686
160978460
128066451
189131151
63565433
344001323
181079615
279905557
558742733
93238574
488830316
328976548
16785223
23876802
489106333
182337803
452701212
551992012
62009231
162930994
238085119
493193726
213883746
123433346
282455335
433290826
144231899
305516018
165548483
78130961
192461892
168196523
254993477
52906004
568465218
486735258
226098435
1337486
324975194
281978185
256929493
411497531
502421960
85687845
281542906
383639643
277249450
166635500
445636259
135482299
128011696
140287057
410882976
135663838
555387044
222307382
528979377
529194646
224956072
71988644
295140467
254800654
240804589
135217614
393324293
57614154
306739716
182572361
276819956
759586
169509055
138701400
56006230
542591215
482454599
161679728
194065641
578193490
334144985
244257879
413998861
180503066
224165606
211076610
17520791
185621307
542099773
375904116
183737145
189965264
502658082
372121851
104917826
246444057
555740158
338030158
464601684
258218429
274265069
208929510
174495213
459808716
460668803
200078477
364919175
140073197
566264575
11873825
570587384
278558629
51353075
269106972
408320931
576377561
563102161
351567310
279939597
160116143
199631953
89162871
144086027
162369414
140012061
207991876
62447037
236259004
353359878
225149955
86736329
139440138
164690184
212306083
222327593
107721915
201293881
527833510
283905567
270981993
438737425
309930445
63924019
15062958
226959489
204672220
96842320
501643771
370638570
204420482
157674863
415833168
151639048
41336193
231195148
70607261
86741965
460977510
310234357
111935971
144877739
378848131
21394342
379753499
232676679
135994755
318198564
587567251
459641204
240456684
356121079
132028475
191899469
124104871
123483698
138767501
409539618
197069232
132331445
330381684
592705023
23471414
458479007
231631209
340992461
264645370
27599712
192689210
571626029
365302699
325473774
164819274
31326940
216904929
243192483
295581475
381461836
434222599
198437442
174023234
132055271
550005091
355775770
176535335
423827343
138679264
538297771
77559788
317822353
495859794
5717724
253316956
483013516
197068452
121982083
244277404
221791221
180515847
587069274
168847178
82806237
332315593
27226680
522325131
363959442
168956116
521288014
95188798
311550720
13044503
139673749
245455305
478212479
284740631
192121194
531529690
213267290
357306124
217450115
409984986
133308523
299494796
197723794
145203109
394008890
464564958
483721376
159727337
502768730
469630252
216978543
485935190
578621834
468277295
321586250
309723320
16905730
246392946
371859348
169118489
241600070
417424174
73849814
573214028
581142365
342172026
342357392
351831304
151515818
336362430
565028417
145777353
504907415
239191717
243331363
267343515
137140961
178570174
576883588
490013678
461381800
435207135
152016755
50959130
214839556
265723907
196720961
599357245
23962537
255649151
217635763
247919825
434883826
291936005
333263129
319800922
584653488
72331978
340895131
341279205
546685565
219181982
214294078
165234426
413953817
134323559
11058719
318389039
541175337
561249495
87646498
260420580
234698739
336968036
135647749
81177975
312592539
227053234
368168018
376245239
438646017
580497517
316733790
299492235
45050363
209751909
312849881
141353220
74811777
488025025
138151179
329737564
509472630
107623909
242461766
93551376
505446816
183364104
563205444
163182504
487518915
160172656
524292594
186716678
54142469
210650747
246059568
403101155
435094146
132920312
323902737
578718243
560259807
442381045
62872290
27390490
304198868
570599320
58609905
137533678
125437857
387262926
142889341
154024252
587757789
1715343
482983246
93407300
257278840
145267420
295115746
177626130
190904868
201347779
158123455
219064491
470894346
577034928
453770332
476743165
251652794
128040221
306058891
212521598
256903727
407179820
213349859
206113420
579482012
527915334
298192023
6119326
262948646
589945603
60851361
254353668
195505103
156758480
400569345
255806298
228356684
555117130
465208733
498270202
562735789
159580096
404924641
123787811
578323973
541456556
354054336
160949547
431341999
91891159
303933662
212292422
324956919
214604227
42182488
327675890
247533207
409602590
482099897
72123163
561490325
170174378
184814005
441388868
139324516
12497610
246505066
169298766
588555176
571313602
413104937
70544136
572836334
279032707
150963031
162549931
323390600
216511739
311615864
270321171
552740717
165829935
235887662
175922420
158679376
119987514
484908206
143395407
316969509
503018589
235132177
27546828
234397622
222407632
430253443
296674212
346615596
119649911
167513212
349834724
121369393
227929517
219613532
327155867
584804452
245959886
299000225
147752619
93051782
37836736
185458827
203600151
261402299
454458605
597097392
532770561
442202198
378078062
328207505
259772501
242365172
319821885
268950488
232124570
393869064
377419278
223931032
435480236
16899019
452234784
154439989
193549020
551028396
63077658
189598547
202628912
333325474
247968637
62373244
187559581
142637427
251507203
454351662
538576164
466963712
143395407
299000225
157048155
484908206
62872290
204672220
246059568
224165606
245959886
119987514
147752619
135482299
70544136
119649911
324956919
49686192
207934066
158679376
316969509
93051782
438646017
167513212
584746882
221311462
503018589
464564958
37836736
156758480
370638570
340927052
221791221
349834724
235132177
121369393
27546828
203600151
227929517
234397622
261402299
131988202
219613532
327155867
454458605
222407632
597097392
430253443
584804452
461732482
502658082
138679264
189598547
212995472
532770561
393869064
202628912
442202198
377419278
333325474
319800922
378078062
132055271
223931032
247968637
435480236
62373244
328207505
16899019
62373244
189598547
435480236
247968637
223931032
378078062
333325474
319800922
377419278
442202198
202628912
187559581
477193583
452234784
246505066
476743165
142637427
170174378
259772501
154439989
251507203
242365172
193549020
454351662
319821885
551028396
538576164
268950488
63077658
232124570
268950488
538576164
551028396
319821885
193549020
242365172
251507203
154439989
170174378
476743165
246505066
452234784
477193583
62373244
189598547
435480236
247968637
223931032
378078062
333325474
319800922
377419278
442202198
202628912
178727533
494661610
117502062
436246395
539219011
511623120
136004024
228892484
319977988
136460401
36875658
266785665
96262308
520130816
349123783
434579329
29261948
178727533
494661610
117502062
436246395
539219011
511623120
136004024
228892484
319977988
136460401
36875658
266785665
96262308
520130816
349123783
434579329
29261948
142214158
601121109
597922143
450631151
452346363
39292082
443601485
424663036
111041516
435998619
439285920
346969286
211983519
168069812
155802356
251146613
199417338
229142195
196597526
192549640
486234150
105350685
9378851
268782855
104299008
151507485
63087721
441209389
275986165
139327329
283811772
154460021
502340614
214129482
418626537
341147651
89342424
161588212
170166575
600546015
267850215
137139841
355554448
252103926
488479589
331821112
33051581
366247214
457839338
517874222
505936713
405699362
138060395
203221465
394830054
423911471
146487782
30014786
181600000
207758557
328098468
185852303
582614208
439501419
147517790
226491373
339067994
265943292
201082942
387765003
535556114
192810545
119150715
171319949
464426834
233564549
34198759
484975054
556235574
318455533
307477779
542786493
221213856
143660735
187564335
533609928
433546497
300497794
360551711
282493250
157209781
266531890
325070880
282103575
546705686
254993477
84837006
553360405
74042954
260921698
116474896
215788842
241722647
162415077
334930088
173647239
452642234
567662024
172807021
563272001
295743309
229632863
5442650
493585312
98946846
282911615
412331764
142514040
12945733
102488742
22723435
363022008
300737356
100180244
439248974
164760577
391075250
158053070
353118191
389495871
159866451
352947625
152265233
269351639
125777084
62513306
473026687
141066361
567681770
272899225
449019976
80387928
232924319
346606580
202309677
84440369
164808258
17960178
133586537
133591090
352397992
417622520
336928994
156043320
250236245
585338385
312050106
88924471
133869933
311335531
218599793
137397269
237599704
98286940
241160661
145647012
253210692
502250819
142952951
391907130
355404076
83567949
230570819
253533703
224692591
332192423
363950099
486195249
540827889
552752741
134685223
296245259
153591091
198437841
319021452
507689839
115462473
452543301
168965980
355569949
275266319
142914940
247855626
131981106
20553358
112751525
385493972
21813388
386933311
217018469
77812697
538444088
135869735
150293782
456003210
199360358
220300411
70907893
162422601
164302670
310916410
123080239
360194808
247725322
279172254
220112823
166633107
68290849
246880656
560005569
407046064
440327602
74533462
151215899
19772321
30699223
253063793
223811548
145119417
267189497
281600867
187373582
423117262
409885232
394068955
11595734
137081791
101755461
535322610
185182005
451313388
310361170
147002737
8371764
241470177
243174700
123320765
241464959
334698790
336856774
108070158
145830424
148506903
161296091
458293343
176945803
121160058
163301163
562414948
32631222
315278391
88854025
241870213
306555096
101065272
563578528
422342757
172146184
560748587
45493406
249676100
557198255
243701968
480658764
201135751
92209915
264806295
172015146
178522472
57546500
219278654
177967242
356413442
204837088
285446342
190126263
457727266
347091475
70113869
224622828
123061694
134974602
534315848
254539658
122933674
32501482
218114776
547507974
287397265
595571862
329881329
116317403
571702790
377179236
523018482
546538914
512467935
311951751
428472434
573451975
186822796
160792842
62165863
191782033
550724603
387708919
372643613
550994601
258630541
420520069
219054178
423289681
136004703
439481948
245787874
96609149
454304553
301725025
138282833
341425274
160480061
346202177
202945458
467373492
19941909
37281720
144010872
132907322
241741960
448135641
40453672
170043170
21886043
62811951
491116971
23363596
337800703
370728220
453645355
47039437
347481666
525750110
236741528
388335701
134890210
140191063
550005692
389679351
404060241
442926469
286030849
135093141
169114662
467779196
69034722
564589059
139736113
101274792
193649037
154469335
22852766
433935944
143950951
174931791
539331675
182353837
38538636
137775711
419121086
273192986
105353467
157061025
105353467
157061025
419121086
137775711
58149143
282288718
315681942
573451975
20234501
236837020
217318308
454011410
141226261
543832494
273877735
17697157
215861021
134442056
82674822
376039013
462599331
229149091
135455838
4734536
166666642
159605123
570765739
135152647
556899138
143708342
604388105
530897908
408781536
465616049
227131493
158849187
254086063
161474965
182639155
56744301
232644062
583652876
21170837
476227338
533149608
447326659
351856116
367738008
591410194
538337229
103671713
99504816
568585264
94750110
146898657
265375288
155626913
177577355
231715719
240940823
595569287
344298396
2902628
136614117
191803673
270557686
304778259
373999235
206130760
269760467
358583864
67924794
164752241
17918080
132605678
55462615
461377035
156458644
28549181
133946362
267118317
323952987
596650330
121365122
268358479
311866185
581053224
439515083
186375980
447647326
466074678
251787526
38820821
515981142
75956690
410328969
323406937
132092109
412058709
177184378
184188901
585824322
271838136
118983759
399797683
140635707
113540695
41366518
335415140
230787963
578802940
335118239
62356379
445603607
548662298
215973150
123716990
333489657
309723320
98860922
59924524
53563998
137049120
20178510
97893405
193256195
231035337
541537138
489433996
283315876
360096135
557644790
77135295
282526734
20531609
94441291
261148439
198216775
203724896
429684036
9145316
200470256
314798256
594911267
474403065
473482617
172680092
11911103
445518403
241119162
13982615
253747722
101962313
86212295
450966172
329101920
27739981
336251588
322999397
97076870
319247869
572214800
189575416
557197341
504992091
134095138
1792279
342231861
192250962
285232605
73381808
144134675
481724008
170592410
490110134
158153252
137729908
282960129
121093047
134783876
80636741
431195000
142575064
375096371
452495790
242401586
187974140
461554540
267916638
571189183
163492623
421912220
402510695
540308187
404088095
10833997
575920799
594395063
466172671
229202099
11967965
271942333
331235624
450749320
387242983
358770227
377376063
269267125
245210565
302972839
288928921
201336512
320370897
450552182
19653256
377918046
313688794
564639411
561835544
143669298
448401419
339127999
118714522
496819507
217759794
600546015
325811925
535667689
107154856
414211601
150730490
97619568
290830738
244759585
316592088
284428771
247568561
193474438
240409694
205515408
381834733
384869957
176595786
236877580
570265171
303638593
174276516
423562829
203094185
578019369
525752856
234185000
281385635
311598534
159658913
153744036
299346534
211419538
283613315
563784450
301178143
175045061
307474688
68057581
485590370
71146131
485993567
138376678
156873662
325469320
239252293
298545660
454304553
97134458
496708868
499805340
143318159
19274888
457977806
507689839
246880656
434674525
480648500
337191310
224960796
87598495
485227454
228110827
484918516
123735408
436897630
480644945
96761002
352577110
367256156
71456807
116687643
321493345
349406898
47547527
85535410
292717914
241198056
145889460
262557090
539428601
25581806
551530544
190605891
549865701
503120404
378856653
131888505
183560569
137824364
251932086
404956252
131988202
214354749
309050159
110964484
139668300
215165858
210870230
214666156
155945463
209649075
364762222
143965611
231439556
480291190
490732944
168513684
371199437
444528404
90900255
133492256
560951864
12557982
351235953
166649950
326811080
204333587
59085080
396222890
407803666
137717039
226831051
209375853
20222739
232947439
135452839
243539991
38456366
336503289
165826528
159989391
290270845
551223964
517827196
498667917
531388342
216289000
579578801
112669505
45901329
243174700
394937063
450682659
4388995
71188623
59413444
89814227
105865938
293434711
438801192
228524519
335204736
386912687
286042344
371703965
307851581
389038161
193823838
523387326
498758595
159467683
326978261
217265727
64057559
319749285
466898244
298970564
222448672
471120791
531510964
209962144
109547131
44952129
3748406
388370536
126065858
258776768
400694768
91052636
87256902
361361213
344539957
61806147
322179430
168354628
154579123
398241360
323309601
305260473
210264158
195908526
200347124
89337863
291922808
529275971
127753257
338358651
151138650
138539690
155228209
333193063
442609927
305184114
536787376
536298613
36641173
333508446
248991862
152986720
410290687
41474831
428326209
202277391
106741725
376786003
584378025
50997704
221169811
298154628
91384501
210247386
372917081
393951573
148920888
175370022
29933293
182353518
230818026
549512091
341138150
108172208
458833249
410308263
350098653
264974996
382799350
99591774
233901194
464923259
469064357
322561371
585252230
135338050
393469674
304917464
493813745
37090309
279534120
525419739
117189030
37119968
328885609
605729582
497257866
586932971
145052405
294072848
324693923
81241659
12166028
360779089
285845944
213133412
449200277
91875343
239020688
154451244
464055691
373921079
80241509
356085042
372320699
217162690
144671972
518705501
456056171
190759090
73747085
102022584
44106135
349337478
312488158
538414053
171850714
25844976
139215218
142098372
442111530
450483687
70819449
312220502
137649983
259353011
160391999
527552644
573475289
591760770
152516908
222483843
530744974
582307289
68604210
511060761
129984369
407650090
403470259
416333112
362183230
4449963
132839380
374075992
551271982
194659461
536368021
250491894
293244902
252068043
590816501
126534281
23013662
374075992
132839380
4449963
362183230
403470259
511060761
582307289
227848048
194873123
390319919
204599686
515674211
335936236
168049418
551117811
87815560
30437644
55832361
87491381
325093021
582761616
285341950
531269552
9955988
223221422
528929804
131607979
596255254
197373110
182065719
489679001
148099491
18384189
453900114
21329081
58565980
221077895
518601610
153152232
149335812
594179428
167917018
103492245
155177087
136720187
8527391
232054374
153821349
579894893
467683614
484205027
253635577
334384160
540560104
134760560
400085956
307182630
301335865
201853441
571826983
559340105
188444206
93850726
250887116
511029279
225186897
546773369
600968001
202183092
173088666
143062524
433872300
72959005
142092377
343204375
195824609
468083361
368597657
127834863
537605013
70164157
325538992
49738600
188309581
149575059
172365563
54296380
551289926
101193283
375009353
604763155
91565642
104721710
106979740
254552057
112276174
182682566
184595445
63859945
28638345
87494540
417258070
538955848
76587749
307427221
37119968
466898244
408549860
207154045
352577110
413853277
167372300
151421645
29308249
305342456
145482296
481711011
94876694
117189030
286042344
319749285
542510634
199022146
185450538
235436091
235878555
170489456
170438230
81647438
531741511
554276858
46266141
228079665
419603289
334970079
116687643
278702279
134843682
54391483
86212295
22931199
202551416
174278345
122303623
299421718
359916316
160100758
545294816
135093141
358204626
142896307
332909167
283132961
209130914
145807269
160264781
127954261
572692512
33640987
71145155
10950432
244905297
346197590
386717289
140635707
552782588
224731774
129162610
597650048
181889334
160941550
48622
500168310
50584899
506210166
309413767
62765876
459307765
455112399
573788679
468241322
208372289
285218610
492298528
436407152
171053365
275081688
437695563
306611848
199825768
379518926
526916544
139484228
453499192
225749060
451375204
349172222
562937020
119219036
251002568
518130816
116777532
508441480
396961796
580576461
98461091
122803073
303511749
105566880
15730845
315417318
41072968
53020566
37131221
42611011
269177505
152285136
585939822
204472368
201633721
181447756
208363838
455764910
263590375
483999392
359208286
474711986
52596809
379447232
329868432
552232544
54659611
419987286
60531951
543906304
565444512
564946652
191803673
209919894
139025527
153731054
426717006
410642919
160954562
280525522
524368153
575507957
541543327
166102196
30566999
423973657
538605924
345725027
221112865
160744065
217685028
323891859
31796566
368402017
134275105
143157704
543189365
290251653
515987749
217642296
219672934
428286666
154565374
383587827
428362728
395218304
527917206
71755567
467354263
322955149
572223478
326256711
1441823
536495600
327074310
194101869
274580128
139957483
137457504
131690564
136821309
364876077
164719591
435998619
160731459
198540636
74681622
91326850
193766244
150724187
58477321
320068597
502769503
348755453
249054715
33123991
547980663
381876222
134759920
570396829
216171889
222702626
290766006
375131202
437481353
125090506
31031090
56278425
7955074
529659943
278131610
168665786
138863471
160121286
94592998
68789993
179599707
197897261
471882760
315721337
3935003
538182275
199759296
217723324
593225297
321480235
568550437
250663253
212007612
69527194
19721590
253900123
221393988
135826530
124543371
580435801
296392423
491518511
426517124
150707121
340745226
252461324
524353873
157052106
236652020
125670177
66822879
329869954
547708951
99064395
267213979
233902923
514719238
225338744
142230015
10106164
260455259
216320597
102022584
228524519
580269982
497257866
350314581
358770227
298224727
480291190
364297825
49512549
251932086
538856558
136004703
351235953
190726885
593882940
403148285
258189609
396867325
154058992
507108223
282476649
9742742
187054312
392814562
566673038
537190088
529275971
155528502
164795669
318365842
259598002
602195817
532265327
142009794
401852404
128901255
7585962
134351772
316074997
381539262
388124971
469064357
570017632
187881989
207473038
137031120
119150715
290620823
216176950
299630197
144243188
525560402
83150135
481655853
88045856
498674670
508647682
123841401
132155297
231798687
57010739
549513088
170550087
467229909
411407390
468377241
309030091
242180820
142094819
460337076
112678949
559276895
26567280
294758187
220436743
593636093
214437744
604942421
454289720
236442704
279080045
462387143
155675942
470489846
230323880
133818366
464055691
436846737
477956164
386495528
337993327
301720303
550263378
151813329
380288808
147398627
32939138
550342433
128421095
403324515
357331898
576627555
401232663
481449902
93246593
117932784
426029185
90006290
267263880
443723705
277367709
523076854
95212758
123805061
21270439
290445487
216468447
110115143
358811914
101560488
244301322
160569749
320540933
39049013
4465951
74837648
288214379
491609605
529726568
553504965
378774539
536930907
264984764
430808078
141432041
142670490
393170456
131536069
414076512
50224351
433411086
222073947
328067599
597619932
517765157
360578590
192621975
504195446
505467644
255784583
573308967
153972408
98232099
209890083
569356283
80539783
36067115
80946438
249780845
551006587
370720698
111047795
427054541
299237229
188093057
582541618
20591075
482753124
164462843
396771360
571287190
244835198
485436621
189556286
264647592
125825321
50552942
514734158
309444578
297880701
361806747
67331633
361799577
602254522
94783477
530439915
69086178
361408764
153026020
26378542
68812589
593140820
58881482
522839244
197598800
224730339
432683603
513411338
98213490
141128973
29368400
134036877
190459490
232938655
489134410
319257685
229494138
241922723
134261040
234997812
249646023
317532375
294908858
292515856
33147615
446602894
473953514
179517787
407381417
561778449
480627899
354129511
389504102
529201027
144825436
210207739
377173327
350417073
26271868
177229504
151505249
195179028
2548179
203084093
410756765
534603626
526504277
205575962
46465046
139038635
433935944
409888424
186030046
571847499
306357836
395445133
476860435
275201632
59539559
263952167
90411807
499537456
106830126
570381495
366662179
47848849
314495606
375314118
296821546
236811767
13788921
535099855
540970564
335204736
449408186
476227338
493813745
604869520
83786576
143950951
145946038
416333112
154416944
453728769
235836591
577310034
418495734
560935772
534981438
335089446
488850663
601105266
235466052
268178858
67427686
141075928
230027327
55551705
208669163
226826392
166376294
135732614
359963651
165596137
529660208
205645320
470752451
113690111
65969980
536692798
35398416
452403200
547645841
385060646
94317747
187405137
225915033
75364635
168340177
486093214
125890409
531930430
205243635
563895669
157061025
394494572
198578572
210335331
226667862
136851492
468357478
45800298
153393793
222556966
581312908
462512266
216561020
97979460
532100519
594271391
