565823963
346538586
381400556
222465949
265556329
30202310
376863170
137187221
169223758
313991904
576346020
285125041
343198177
389886932
461551446
276776961
350329337
574430374
378709337
336068065
238414196
4184183
359987849
327382965
305648468
138674123
111259380
179025267
379121505
268493036
137536008
519818528
268901442
319210224
452276259
571262643
246510535
413301874
330319129
295420746
72446456
295875463
201399000
415123412
262958517
542158291
146596897
386140427
220275988
305783786
488799009
457564411
134494796
375925352
17833294
442574660
377718229
179958782
556206720
431757653
398883832
174636646
457000322
121374238
243430838
137880669
75214825
258307612
268730099
472278060
346937161
320422750
137187699
313901033
210918763
220506409
203297802
437123320
105381848
225935264
457369911
370098538
85585560
451682472
139352976
95550956
119256931
406986011
62912165
448513037
287470088
138821592
552083692
254220850
130873923
422663100
333721813
30626679
209864639
576093055
295661543
134717972
135131246
96951222
153100774
80874189
186630089
246357503
187052414
89365024
459156412
176146508
86866154
320583068
387218098
272651029
314983699
320439439
135527035
12756385
309407062
123365112
183502402
349485607
198407857
50174609
13613688
151139344
287877038
85065610
504961217
138167213
20344544
480876390
266743111
54360666
282275247
18499067
176676717
425313212
132353386
288203543
135958976
120684165
170311722
116611734
223515327
72609726
203142425
150480528
403535268
334360138
147886055
91881617
530689813
85296498
271771224
511781548
296613165
180216116
226973996
156724820
540223603
274320657
172538646
502279081
123283527
351101380
141869730
544146789
318802862
44840777
163105448
139202937
135008751
162668946
288998822
134982329
41728451
300729172
440286007
415262046
465359333
145946867
503845847
268301841
412833437
197648556
530038976
266500393
154267561
95885699
186175881
323517956
120883443
568485907
44295501
168107797
86418317
236437014
136596490
155742454
362722564
213786969
146970282
147061683
137382147
365298793
179560790
435283198
70422236
136176618
16657608
65308511
271925627
584950524
182084655
243713778
558404198
409773762
274617866
184459844
122782690
223046072
566277370
13621729
29440965
348077532
8086260
72511580
457499125
131988202
136095926
42606971
236457523
328227635
316013732
434807596
63478915
375744462
309300156
70454449
138173687
28831472
148657766
362160639
154864853
157867606
288675870
202285430
585325473
354175914
362618462
267165418
239248240
141354990
230369684
155387134
37175707
175930339
351141729
2907071
573435021
167285045
268688796
266144715
108376626
183633254
143112014
406677816
65832901
150630476
257364774
58609554
52273237
51399729
145367743
89759718
232469752
67116074
137132908
159252668
83005731
348054153
68700564
60093958
513437579
133876350
294901273
164690348
277250578
410589365
115969295
465738593
201083112
228439947
134627803
43769735
83645831
245848662
180729658
147574825
25826032
151297150
168856404
494174771
163850322
175234343
219017734
162889290
221035508
124073822
92414774
62912530
535564900
550680793
177746941
176483511
134795841
520956370
267401316
554442533
166246757
339374056
16766606
487783477
378647739
167716333
52113423
24706372
121040484
491771628
149979880
377371640
523721263
128889781
10551612
455378051
156604903
215359942
233391998
400343844
154301589
309103781
222275024
341827080
400824455
394589747
560880407
179448059
13726959
137719629
344020011
154871386
135868930
287591807
137145255
75474221
270622276
385008221
391533505
382655024
144569631
392816870
348331130
73579329
147963375
484639018
108173935
45720575
272333885
85178389
196825899
12916445
79550834
131869018
469791123
218037170
451891416
110919202
559378434
7048161
373567317
267804268
254707334
65927297
318323154
51317136
139604517
152527239
330176200
471045787
233621404
547677503
502874333
60177743
488861678
100524437
180665773
57575070
33650385
4761484
164137138
151265669
248890421
6873858
399032549
509776504
448043939
76919007
239146782
379912671
357329219
422170451
257779880
176683965
270142680
358999825
298292358
589328040
7688007
51915940
21189191
8509299
350635279
45992997
388917652
142578492
241078652
46353292
169917693
306453800
22898635
238155042
152811417
556289316
146392530
99445783
346200139
17586293
379309534
251084890
174701337
261812235
19243123
487165886
280843636
315896972
219152632
339570392
490035780
175395256
572788389
380892670
511171667
112121918
212395191
458805422
110658067
156987094
13115684
60720566
145194239
29496999
195194507
138131408
22134469
238383725
233022592
558274764
530672896
216379542
301336773
193871937
168542892
64746829
416523072
264196256
457095299
158110237
196182500
483741323
165560640
272439726
183901320
316507301
161051435
155451577
176544834
395634737
380496064
29716426
317651116
59315189
360900368
446717408
267791848
177322025
233081436
281045784
138391535
300639007
168152265
178808592
142657414
206702586
221768096
284325275
200575730
139271098
294741500
151864342
11970204
411655372
240152317
167498029
18654852
534970202
547041233
156029990
138218510
108137796
201985331
400830620
571371542
252550288
139034906
160076893
285665138
82672617
506169408
56172248
15940473
384753495
544420805
255727273
505068689
524863197
527589232
132923559
384879969
532818674
361813632
373989295
496467105
181882950
379356246
7818474
279138953
30581738
539879305
126358582
335141834
584746882
340781444
155045692
331672813
284759054
475782397
150445553
28853692
216250987
181129603
97560004
133122788
206956873
550324841
328853344
223160003
421911078
274437031
555635314
139716360
141721745
260196852
497485002
110374131
487455481
52163671
207416175
185904836
156155155
174867379
148027896
76514730
21756209
458401814
351274787
524567133
152064689
281715437
161761473
443960072
340927052
274411804
150496554
496134792
123162213
157926422
258743303
594289
283867296
212597884
404143491
76014297
520969311
239086204
258586125
139583251
323153477
145050388
134033105
144178126
552612811
295434020
200172548
135677817
320307678
155064979
138746841
477501544
134144852
37768948
304263949
273864336
52116662
330146021
384591313
545843089
229018112
204653948
89814429
275005171
18030121
129984673
179070672
17636227
158466529
161249959
342017118
149091965
249948340
218578266
274582239
564263810
389956825
204918316
177163868
434118154
181540552
186666589
452843578
538711608
19453208
37604775
520363303
250323428
138934771
264644911
208958125
359941142
28174745
132474614
448729232
525080751
138044833
366572839
379695538
141058117
209751071
27948495
309633342
238497456
199651443
31586047
265548103
316749885
15910182
77078872
42744512
30442978
79739538
230225252
482673963
136781427
76666133
214060611
58269456
417289164
124210697
12590542
323548087
49686192
315871964
252314261
423030369
163583798
134488419
155961320
167498825
30557348
274793672
429648822
68089868
428436805
119607571
140303189
202670164
403602200
207453525
229803672
59382385
122842295
239217358
348089102
56133060
147451673
194173104
369069601
459303014
180734924
333111363
368147734
159751365
317613115
200424368
200337223
166777150
40086870
384317505
1425674
524730018
252693623
573444034
163756663
40110505
319191189
273596661
17936339
73987349
162683958
156480599
257884847
583603829
369444761
96180625
167146260
329887809
156140547
430000967
550180220
300959594
140946044
192511407
245811196
141127021
504085163
173883454
24152191
45197845
117226855
558258767
302158488
292641079
591395545
34218958
533200237
200400425
166729432
95318558
369514307
395019257
574346674
18102175
260023933
463586678
119922203
576614733
358663649
442534573
18420186
12169484
552978745
171861878
139391910
496022539
463084746
300120965
219267430
60996085
369965056
579714363
387973401
311149817
193255792
313781659
161601320
249945087
280745115
397961522
562890726
487040827
189490752
423041697
310629056
156814470
240628110
150293953
538466211
402853007
243480812
14789855
409842470
458711546
248930296
326328742
58522600
215711345
33458426
175341866
95306866
167028489
521085051
210183419
322712943
350940674
152669696
23709201
126763037
25699679
7895469
582167823
354646751
500576348
532551422
60199979
497314600
355582285
207934066
487585501
138398281
210565908
166266962
360900847
188120367
296357685
244581807
147562514
184770555
201737822
212995472
119027594
66430344
503477121
31310423
145338507
270616340
430462106
148422738
510556048
94426129
75617066
139447015
131952329
145054059
515308328
384376416
17590532
229302683
136152835
353871005
239198162
509610963
234844492
367450465
311598663
522156663
577308775
579714330
121642346
533828265
324311268
157646232
68590830
483843661
206701462
224757454
365172052
24236830
20025017
104459546
183400564
263343654
186078782
209833559
140456614
492478746
94749511
269702726
276798992
458278307
379842438
36431161
326208399
125921183
111903834
161287313
555095704
54889212
571145132
308195841
179707386
454292070
76598417
528254859
446889441
301373249
323490975
438201619
120846173
173615850
206839593
212407751
136029751
311739883
143312954
17813870
465943679
214685663
95321950
157048155
343218359
63064499
529925491
156488481
484464916
114071802
239306612
13075505
66789
239632509
162587361
4270270
66833970
175628298
132476256
470198983
226631367
471866656
351728761
127400493
396564144
491056973
140614290
152797309
578645755
154108583
5773118
66331633
141385264
201803866
94569347
320405133
4714341
502396644
476003528
572020874
3529091
67157724
182043222
50076052
39601173
7706199
153496641
177298998
468824792
303853050
168326923
291126352
323369096
223915599
461732482
86014184
584149929
560253147
155303641
555001137
166626388
38929458
294854852
231665699
333780923
419993635
528023127
408000347
54948068
147714368
370875919
279002811
175522725
80833779
329627537
181357957
224664241
476807049
196785030
136211041
434278562
252029470
310250382
350984602
172176110
52902470
15460772
78350583
349024456
57142899
118660510
243363882
570811190
215744874
454379046
225875763
348734099
379218516
276527744
58692273
237762593
404837614
132329856
486981811
177993262
580092736
247264840
446089405
301468769
142886899
395998990
528347054
469459607
177641157
199069015
374824835
342912203
333354129
351626434
21316687
416756208
448574115
426702107
163036994
254839808
21423246
125913648
558166929
227447682
20680032
520950940
228020252
295873775
18040049
477193583
295271964
466963712
172015146
150668027
330152601
309566681
153888694
124123976
169256491
54862001
510550124
377358595
128585504
153289284
67763499
65714966
252106645
229216044
221311462
136095940
338374881
462420391
44591029
96483913
198892407
264425089
499832760
164865035
527335569
253088303
119784869
311614929
466031139
137241686
160978460
128066451
189131151
63565433
344001323
181079615
279905557
558742733
93238574
488830316
328976548
16785223
23876802
489106333
182337803
452701212
551992012
62009231
162930994
238085119
493193726
213883746
123433346
282455335
433290826
144231899
305516018
165548483
78130961
192461892
168196523
254993477
52906004
568465218
486735258
226098435
1337486
324975194
281978185
256929493
411497531
502421960
85687845
281542906
383639643
277249450
166635500
445636259
135482299
128011696
140287057
410882976
135663838
555387044
222307382
528979377
529194646
224956072
71988644
295140467
254800654
240804589
135217614
393324293
57614154
306739716
182572361
276819956
759586
169509055
138701400
56006230
542591215
482454599
161679728
194065641
578193490
334144985
244257879
413998861
180503066
224165606
211076610
17520791
185621307
542099773
375904116
183737145
189965264
502658082
372121851
104917826
246444057
555740158
338030158
464601684
258218429
274265069
208929510
174495213
459808716
460668803
200078477
364919175
140073197
566264575
11873825
570587384
278558629
51353075
269106972
408320931
576377561
563102161
351567310
279939597
160116143
199631953
89162871
144086027
162369414
140012061
207991876
62447037
236259004
353359878
225149955
86736329
139440138
164690184
212306083
222327593
107721915
201293881
527833510
283905567
270981993
438737425
309930445
63924019
15062958
226959489
204672220
96842320
501643771
370638570
204420482
157674863
415833168
151639048
41336193
231195148
70607261
86741965
460977510
310234357
111935971
144877739
378848131
21394342
379753499
232676679
135994755
318198564
587567251
459641204
240456684
356121079
132028475
191899469
124104871
123483698
138767501
409539618
197069232
132331445
330381684
592705023
23471414
458479007
231631209
340992461
264645370
27599712
192689210
571626029
365302699
325473774
164819274
31326940
216904929
243192483
295581475
381461836
434222599
198437442
174023234
132055271
550005091
355775770
176535335
423827343
138679264
538297771
77559788
317822353
495859794
5717724
253316956
483013516
197068452
121982083
244277404
221791221
180515847
587069274
168847178
82806237
332315593
27226680
522325131
363959442
168956116
521288014
95188798
311550720
13044503
139673749
245455305
478212479
284740631
192121194
531529690
213267290
357306124
217450115
409984986
133308523
299494796
197723794
145203109
394008890
464564958
483721376
159727337
502768730
469630252
216978543
485935190
578621834
468277295
321586250
309723320
16905730
246392946
371859348
169118489
241600070
417424174
73849814
573214028
581142365
342172026
342357392
351831304
151515818
336362430
565028417
145777353
504907415
239191717
243331363
267343515
137140961
178570174
576883588
490013678
461381800
435207135
152016755
50959130
214839556
265723907
196720961
599357245
23962537
255649151
217635763
247919825
434883826
291936005
333263129
319800922
584653488
72331978
340895131
341279205
546685565
219181982
214294078
165234426
413953817
134323559
11058719
318389039
541175337
561249495
87646498
260420580
234698739
336968036
135647749
81177975
312592539
227053234
368168018
376245239
438646017
580497517
316733790
299492235
45050363
209751909
312849881
141353220
74811777
488025025
138151179
329737564
509472630
107623909
242461766
93551376
505446816
183364104
563205444
163182504
487518915
160172656
524292594
186716678
54142469
210650747
246059568
403101155
435094146
132920312
323902737
578718243
560259807
442381045
62872290
27390490
304198868
570599320
58609905
137533678
125437857
387262926
142889341
154024252
587757789
1715343
482983246
93407300
257278840
145267420
295115746
177626130
190904868
201347779
158123455
219064491
470894346
577034928
453770332
476743165
251652794
128040221
306058891
212521598
256903727
407179820
213349859
206113420
579482012
527915334
298192023
6119326
262948646
589945603
60851361
254353668
195505103
156758480
400569345
255806298
228356684
555117130
465208733
498270202
562735789
159580096
404924641
123787811
578323973
541456556
354054336
160949547
431341999
91891159
303933662
212292422
324956919
214604227
42182488
327675890
247533207
409602590
482099897
72123163
561490325
170174378
184814005
441388868
139324516
12497610
246505066
169298766
588555176
571313602
413104937
70544136
572836334
279032707
150963031
162549931
323390600
216511739
311615864
270321171
552740717
165829935
235887662
175922420
158679376
119987514
484908206
143395407
316969509
503018589
235132177
27546828
234397622
222407632
430253443
296674212
346615596
119649911
167513212
349834724
121369393
227929517
219613532
327155867
584804452
245959886
299000225
147752619
93051782
37836736
185458827
203600151
261402299
454458605
597097392
532770561
442202198
378078062
328207505
259772501
242365172
319821885
268950488
232124570
393869064
377419278
223931032
435480236
16899019
452234784
154439989
193549020
551028396
63077658
189598547
202628912
333325474
247968637
62373244
187559581
142637427
251507203
454351662
538576164
466963712
143395407
299000225
157048155
484908206
62872290
204672220
246059568
224165606
245959886
119987514
147752619
135482299
70544136
119649911
324956919
49686192
207934066
158679376
316969509
93051782
438646017
167513212
584746882
221311462
503018589
464564958
37836736
156758480
370638570
340927052
221791221
349834724
235132177
121369393
27546828
203600151
227929517
234397622
261402299
131988202
219613532
327155867
454458605
222407632
597097392
430253443
584804452
461732482
502658082
138679264
189598547
212995472
532770561
393869064
202628912
442202198
377419278
333325474
319800922
378078062
132055271
223931032
247968637
435480236
62373244
328207505
16899019
62373244
189598547
435480236
247968637
223931032
378078062
333325474
319800922
377419278
442202198
202628912
187559581
477193583
452234784
246505066
476743165
142637427
170174378
259772501
154439989
251507203
242365172
193549020
454351662
319821885
551028396
538576164
268950488
63077658
232124570
268950488
538576164
551028396
319821885
193549020
242365172
251507203
154439989
170174378
476743165
246505066
452234784
477193583
62373244
189598547
435480236
247968637
223931032
378078062
333325474
319800922
377419278
442202198
202628912
314532349
141353220
342817122
538297771
538138057
14482440
411840186
230457354
30405837
109572308
213189126
53199230
116815919
178662244
176683711
58892332
151713305
166439664
78387981
175109881
522645352
291929825
600614822
6834139
261395722
205678753
254882441
316727937
210410779
104122684
169896136
485567476
236194873
238506868
267941442
310044301
151356854
99855942
562211787
198475214
520829197
411824777
179130300
60532263
571311701
153584092
356301253
222123838
507970202
577487487
323390600
308764421
9129642
117577428
50783095
234620185
91029534
323776712
47565694
95323802
411807533
258248914
319145430
493167291
168147350
496835017
229036356
133869132
115953300
179620898
338472674
234156393
500029261
30104433
490054575
467379714
568978960
72875834
306954811
278279381
199782387
210600665
11949929
422565042
519993782
310591735
208479300
23309490
265579442
563799516
47376408
471756517
275543277
164736808
548405426
463294260
325370185
591081722
155577818
534746451
224012606
529565120
87821869
198689991
434048725
457372890
442972084
153371755
59324231
236524337
355558519
582052686
281291163
20097133
195241850
67263158
19498743
156482493
151104991
121083710
547969046
136447629
508382797
34904384
107298877
17667356
16744252
138855360
492193548
349580659
102620459
327887202
518719876
540660770
248134430
168756611
103187361
52112861
244999932
49633460
172836017
306032741
31031346
252389563
153410027
119786576
163844944
343511564
257113946
138655338
270923936
450429732
124022474
313846054
182038781
71188742
173317677
152551649
340801384
544871902
378403029
201722574
184851307
90704440
548200036
422694527
264829936
406386808
197162361
66632588
240123764
364716721
403942769
158073491
152811417
189946083
593672676
398676151
302381215
492475900
413387025
207359252
7392989
553073198
101572321
278735374
201047177
275493308
372116153
159996664
207350807
125162982
470405497
92574153
208958125
327991810
213917344
12964567
91298902
99956628
221971214
444293445
145841994
59172619
153339359
485184284
171175799
531127981
521326803
570964865
307227731
389432323
564962787
587151825
165239626
456283357
236056715
186160676
296840774
89365024
216476770
525403547
158550411
321195905
304705572
159825602
75068013
139060691
116245915
202355944
725334
104132916
568810849
532053253
505526967
167149191
270825938
543742479
423976457
154808525
311886388
561210272
418523796
144628660
427821641
283962689
184746850
283056477
109501732
486418572
32739789
514230924
141381513
283942310
273096252
338257878
136415103
264691947
455881004
270976794
338510649
458380044
562047891
567681770
193568454
137918007
428836338
226863632
79380933
496138256
550892852
312335962
158351023
516343472
10434750
216657128
314058867
423479536
123383364
171387086
515815608
576643682
149269916
399997939
592222520
438078112
501861668
195211686
374837503
397435961
168792260
102805805
269597984
157332898
475761690
140434930
162265370
16449252
374810459
175271019
471530781
287813235
134481418
173443042
540930363
237687910
140010826
359222658
271180580
387281660
162591561
228867704
90623600
242070676
567850389
139407197
571375967
193532775
524776981
318038730
393986509
196140510
444947920
243939585
137480837
374453656
279189246
275990469
106934689
163105513
153551965
588871774
495139940
434387776
288203543
282275247
60199979
294741500
165603482
542151521
312849881
415006930
319686588
242274108
131988202
100471045
248552071
55079264
245155933
548203340
165594792
246392946
154834822
586722254
474075958
284165799
333228627
202825664
431311994
145348227
166380225
485177258
270413752
149046287
577837050
531843421
343353274
458702447
566277370
131772356
162587361
133138011
590627020
219483769
98942975
156074734
267922938
531529690
475802197
487157503
467969614
348064499
171016359
473043153
186263264
299157921
342270647
584699595
174362128
278195220
511452861
86770056
539301361
525109825
506101576
567054260
136058613
439907776
217526626
135569675
155207358
210985091
65027094
177672375
189213226
318662576
204806999
267217700
251854305
267092853
118608441
191870914
281385635
575624856
578567837
138576579
474644497
230787963
250189903
202678238
140349933
149124796
300713213
549241316
112139756
276932905
136022209
334980977
507976621
342663417
556640653
261847751
393151879
336817744
353165910
108211522
509010219
136944616
222974482
367887618
329350253
3904076
209520762
451863262
487416590
93472035
93472035
274214380
521249056
23417134
255458744
238199212
524110893
177623294
70450296
308597853
159125735
214190507
310012188
564651385
175681042
401697119
579714363
168324690
258735065
153641243
186198494
486028378
443403303
68806864
438943930
591663179
464764227
52393269
68837780
150410806
533975382
417993332
239692488
221325747
579909376
244107138
56924100
160385847
2288834
222797587
172000346
226219802
463901326
283770867
528330074
587987596
515641488
160849417
572181965
188958782
506779500
261149625
563087115
264796460
517003356
584514210
591639707
7681079
464861829
411018240
395702891
324343196
230892754
266856350
225702697
380242919
475167006
322357395
69595846
427797969
401613633
431704186
329573045
181044532
228251191
569027577
268058121
230803674
179483204
139556315
504466583
231113991
283755602
145340473
485413024
506615154
559350843
128333248
268851174
165685253
591938904
524981222
214268061
345753900
143895670
4685650
280702964
221888529
206686523
515360384
541400245
528166193
559065545
540981736
207237486
89434092
173994028
280037033
174166306
43537204
451417767
249542336
323182342
160741627
353380913
9038522
169526062
310056425
144232979
493041721
332939939
553423642
525818971
134169879
141699104
391840589
516869742
6941252
393132872
74400847
133566299
470970432
138342779
138537151
466454064
196445780
401919948
476645586
452050503
478308888
19671204
192827217
464153242
237301571
591584771
477002524
522937078
551356333
493206870
258320911
157614263
453499192
154110774
107322299
67620526
155714739
405229847
43822100
151711915
331662196
183280278
124436511
582147517
278633192
146466295
527118067
323418812
77642262
636536
192531156
484700665
301598762
320348068
475607532
541878259
184188901
2300942
322068236
260620693
246655541
140068886
274352175
63870579
80771884
187928272
145069498
35396385
482388163
357431003
547969046
320552777
553624032
166687663
574108221
90632501
169017802
605970396
395499545
605615983
91895892
480420000
71472320
144052045
325652121
363151501
199142618
446135502
521064094
28716135
316170544
477357714
559353367
171386721
150681729
119869041
65181946
267204173
68981839
557953649
162198789
517942885
290392424
195167895
68364387
572267395
232947439
117454170
574229363
330918764
135504975
391857307
38071000
423037736
90898692
144961273
516110266
420421357
602035507
369405593
251447043
270253565
360321314
140924981
232708063
253319261
506066238
312205686
117873926
279345528
495250552
235826202
344479729
347653767
175566368
181116770
448910198
546233345
227614760
524829005
191666515
107398835
268495340
138476941
203958035
323049683
515932789
297834949
338548649
58753268
586560331
305925411
59757198
361723843
171089445
356770671
539463191
310410918
249024990
240068112
523594159
102637533
42969882
230203762
151746746
106739212
103505224
575940391
459661753
182967683
405148854
192344028
307454240
525721041
65828282
150166156
131570717
567949465
496530001
251536060
195982292
594797116
250585207
128676473
414223397
265881216
55217888
524893459
8453675
432218210
188416362
217616023
237409673
371354573
329925424
544565245
190531832
535325503
337223263
189464815
187208816
590538505
310348946
41930487
152167758
204583169
516836609
245634472
154214384
519589490
372838978
561365854
397147576
29392679
458520476
22777872
243575675
7468984
523982953
237142691
317585877
194549399
196496382
71563084
296543898
256637043
135409040
164141056
407154801
552381339
508476667
559743556
195344293
165991370
242907843
525418527
270828190
88893124
34042000
493192238
134364806
409236640
469252825
220373428
288203004
583941218
214573704
7357058
594242310
119507132
62978867
507757646
220671739
286805615
41760692
502658082
273096252
302649901
544871902
310056425
158073491
331662196
464564958
267791848
212995472
508476667
296543898
302649901
544871902
273096252
502658082
552381339
144961273
146466295
237142691
131988202
21316687
537100331
404692107
319957979
23192738
279248606
346469902
363886017
19671204
497778150
356549430
194323662
182969550
366422972
73737554
476090530
280748338
175424321
255960169
427963913
146883633
493886052
24973063
555183627
544050859
526725137
484563066
134901628
228613296
340115690
116150723
116645061
233453965
222666816
142090176
461733122
376992819
51940185
337926476
189139471
570475839
447649015
168456563
153062057
482155792
73473418
486642975
147809551
555872792
503975814
250682724
580618150
119784869
330331481
487821214
582117987
106911784
602045799
36431161
301670690
155174441
185123111
465001543
161292033
550852860
554215214
179971184
431459348
562290825
230185668
591964927
159311173
345018516
212002962
87143141
160686235
378277119
242343538
164256577
473886697
81545575
186240803
391089307
334124852
269133206
199492579
450718709
10877321
569289210
515421853
299612184
216698120
562260668
48772659
121642346
471156838
159488987
304712984
7659869
575565788
358601138
351166200
312031545
134953655
540215905
267213979
572162937
70521570
455852606
499108689
129457637
513834462
307538292
540738187
503562408
499659985
467622048
329516333
166949144
336587825
596580159
553961660
370281021
456322584
151316589
233553627
414830320
155437892
124441261
565364509
316386543
334394542
326959204
335457572
172854126
166525550
248896580
439801419
229125863
214484713
151495178
209161344
220574892
399742958
585750343
209995584
445297551
183199390
270419717
147111323
401919948
92574153
31659137
586427750
213150592
382857718
216814236
418266641
306385261
73454238
337837284
195982292
409431862
311776266
156603941
108211522
109311462
101930746
336024094
373850337
168764510
249116138
413355199
198563260
133973202
158032882
280025505
46444860
504441635
439514674
430274447
513085110
254550585
148471248
464036104
163119075
263521748
502301738
530740925
560975340
137869588
135748341
369307627
178249915
265135999
179620898
65714966
156387351
292721695
307647427
588146662
291126352
555114289
596708370
171386721
435480236
120391815
348156935
445288493
166001806
118854264
270333501
476574513
605259939
216957045
474895912
59104861
191167631
251507203
289261862
181715435
474075958
72875834
560562042
191346354
172228254
69466810
251674230
545426460
320068356
52558537
310058347
79988805
246498847
247251005
135957436
60458789
89870708
187309583
596168356
597384040
149308740
350305102
609895872
134493806
24433835
177937846
32023915
39528847
198986843
171385653
317450117
129064549
577011741
8278599
486738461
240865848
289588005
272146443
526691496
404112919
201795746
241600070
595051015
155162033
119237237
426205481
226104217
549406820
54752565
350842673
240747280
392177167
341577324
115567958
558836625
465209702
543331120
433750083
385817793
154757138
160512231
240345069
44510472
546609616
179557211
286051017
305617943
291772277
72431302
381337862
482775054
221541065
249898564
240201446
39903523
124104871
582327501
393810396
368760050
469590720
567529165
247473665
150376953
595797364
314384161
377214051
271783573
350460109
385190602
565690071
330981920
265233790
215932634
489798197
181332700
9210788
334498918
528979659
249892175
134688379
522892782
400343844
607168382
298556094
196326060
404693988
462949302
252902786
538345627
317730584
317730584
538345627
564544126
203837378
323400928
224929599
470855493
184986121
375371567
90598004
141009789
127279241
552921267
250898655
189068547
435397318
276810509
323668323
547637436
141569979
38397500
439028024
493276411
579132760
390157603
195756086
222787254
313356874
131923591
309554161
345439931
450338774
228378888
29177856
285222223
347304621
613791185
56614537
229334030
164429854
234792632
497789215
132217416
90848630
204463483
149089335
407307514
355908871
345500239
454233906
50366677
512441044
607649495
107263412
310930912
153000089
280223557
447069350
97965934
488587562
434441644
290454368
76139664
399603537
468168266
374252335
322113246
