402052312
107436331
199144778
596901034
204610291
273332303
204610291
199144778
107436331
402052312
100789530
358238641
32598386
326535818
322905086
191684308
326460580
483261077
403199568
163565284
324367453
275459350
338723307
553017778
358060578
216715964
230356049
313107753
147163726
37182187
111080238
204599905
491893157
139876247
248385043
383491395
185392470
377173327
188447967
174593838
232044622
552917127
278258294
213255510
487145123
185175212
140435063
275310036
281523638
204434658
281523638
140435063
275310036
185175212
423740807
233642689
191684308
109042426
22056516
571257316
18371036
31181348
18371036
571257316
22056516
191684308
52340192
232152550
147433332
64187954
210429259
118018575
168177744
456158114
360394268
447814654
147567963
540911615
38350583
219212590
274605020
222593879
386583051
272518093
564823402
172211136
253545023
255303108
396394687
551325399
524458063
327721098
300287102
346597655
568356155
331742133
365302845
324359229
343061307
235289032
197693536
284096405
227414131
542097597
245017598
375251373
323666347
290880572
111664621
370680408
370655512
168016858
195418952
406364046
253322232
326152105
295742507
206678488
345164282
297097906
23192022
423437898
477989278
181152848
557237982
403099066
389386981
323434543
260321539
241200410
189798748
225897500
391599441
213958070
488375232
91554882
140521431
521844267
152718650
173694597
138401853
413879671
248423675
268907846
114714896
200186237
104505031
328556118
212170026
224721566
379721861
218249443
343472595
51025799
37017764
251631053
515471713
34569934
498187016
267503223
264758100
55655776
91078133
468175240
389096117
389096117
468175240
91078133
55655776
264758100
267503223
34569934
251631053
515471713
37017764
51025799
145181550
568763516
545965528
137551677
253610577
178947149
454717870
392528045
41117489
58480845
517364000
371830756
308957570
186475705
233974285
280368879
574355624
79624843
238346189
567068948
258888716
153254733
375366747
266976208
272253975
340288203
138240346
97995243
44479308
258195737
170276465
142283418
248308695
534681324
68363520
259158989
529649965
185714371
156201971
391680746
32028614
32028614
156201971
391680746
259158989
68363520
534681324
44479308
142283418
170276465
97995243
258195737
369289861
431016121
266628600
285711261
436096589
597314837
577441508
198884293
93989548
93989548
198884293
577441508
285711261
266628600
431016121
156201971
391680746
259158989
68363520
534681324
44479308
142283418
170276465
97995243
258195737
80515743
409605406
494370887
6941872
157577934
197626520
451255199
483648689
133574264
491392585
75868735
341621039
240445334
142422735
523651743
206392758
268156534
464448029
407332893
505531093
500735356
