452912044
76519582
417424174
452912044
76519582
417424174
106944965
302390916
452912044
76519582
417424174
106944965
302390916
521440777
519871661
78338292
138829778
421176752
266458295
439203540
539388143
303577392
297823558
567009351
536112124
185706380
96353325
270727707
159122300
133402179
95523082
137032999
464766190
489603719
194131610
476614778
324396067
86322772
322501482
151837029
571458132
281806170
186305182
265403963
276017637
127898953
173602623
295610616
135471243
50671241
372663101
135759955
487294469
223034493
23224736
170790059
117183449
141927104
66349346
2721470
68169423
135319565
159370952
53841880
124574881
175652321
496482575
52876747
16080888
175452722
96643968
134774494
48028088
149601596
456337444
256674398
12511078
292888675
136339335
197842606
166320184
251018975
163692143
149045246
365885880
55273468
451397969
115116782
319043982
331964476
434535195
381135759
205346307
139018545
324889845
166110522
157094708
236884336
98580764
176860774
517082518
463793418
560098899
281302881
83955048
391079380
311160104
348103334
354954401
370237067
488614215
11191772
459444378
389467904
448346442
332516129
72843684
208156716
83749206
200075491
14829761
302021668
65936087
135941066
447589337
94317402
96286157
153716018
163933279
180551434
474797465
442081698
430893777
263084164
194843209
155613421
356707814
189337159
191914263
63201683
212954779
283102613
477669360
117202287
206514893
379302700
259187399
414659190
98712701
183974726
134707699
448751159
186630089
159292623
368643575
153367515
356296877
43265555
265295342
84762475
486095743
132023541
84335262
9927734
187652321
341083579
371994284
289485500
178972321
155112682
301478799
341148039
316228740
26504126
109059782
65234188
120187797
95866072
84850106
347636779
164963945
496616002
490495445
194663003
350141969
137381997
390711285
227980746
242899721
291093127
409134585
226028036
257112479
159527137
144840312
53408106
40111715
437853303
197538736
144577587
66747357
453692006
210592772
329125375
38494565
317054885
232056151
291710063
161996086
261447639
389623330
12201109
141918443
216498445
204864171
254344536
473221717
142467435
306320838
83074393
190746934
32136243
417539679
174770580
440895258
365410128
215372513
335165909
274203793
210628213
291916215
346635270
151500749
144233139
294420993
155014736
410997168
46551264
309085260
311387039
55329340
19117126
288752132
21785598
23340875
134238172
158187806
147605602
465897089
61054497
134345029
256770566
52719116
259440283
160177723
65317316
165453250
50351492
178664893
164664663
106635492
63547362
66910537
170013086
238530285
264355500
63299909
221098048
39779213
188223595
336674795
98037450
198140703
368401476
148860255
2692978
140695372
98256924
160329080
153078515
348014049
224148967
147420462
51509097
230153645
307221725
166388591
214478052
300147639
59024264
41458857
150485268
167716674
473532516
231278744
76779506
280675015
208387912
224660718
309498545
219262892
332689920
224004093
21462767
202799171
472152591
162558346
176581274
347304621
293599580
369026929
525409286
174362128
311387859
4522678
257677776
202245145
52833557
217013732
112795432
246854669
60095541
489047269
336717672
221007634
83524946
449857367
277327615
127585713
181054057
47828147
16606387
241507906
199779011
176889271
522086363
419010459
243820935
437054956
4396571
101888648
105925494
277414779
396819569
164629438
24623169
135475218
346528735
39003713
76686728
361779323
541807497
334993809
221076830
170019001
133741303
276615571
15036784
159775311
156651489
287726489
22592115
112894039
92207155
156171744
181184822
142418880
264724723
235984807
305171802
370300979
613859841
144089105
356531604
254388895
257801243
7942135
552337
54205463
312560701
87572250
234866344
116544643
255197585
174325568
558177021
45386296
123825743
135450
472319641
5039690
50939516
173748324
237324982
134140740
271363365
268435598
125168031
105009685
532758000
292011218
250352194
182218376
124114349
165474242
95049974
370654900
1282993
156551343
386247894
210265122
41830526
271837624
320259651
536322603
382329845
49813538
534705970
437162184
234910107
31145594
433602554
189877750
182963195
32964593
304211725
318647546
123990629
487320043
429993150
261301557
13361677
140432659
192675341
8955149
1001449
414033390
143051091
234379156
412624143
85483584
238952362
154837117
590951722
282960315
372752036
134222679
510292028
280194857
199224358
25966656
151366829
164333416
187428065
336094210
282254905
95401846
231789114
62775740
89140029
255256045
143485047
329461880
254342590
314037728
366298890
351429643
65252961
182639155
33083989
300451189
368268546
134228421
15015679
509420829
443981843
168895626
251376576
261918477
96444955
34514160
242364565
168144119
289684733
298565121
51336130
447843009
580817505
142704229
154357472
23196888
183012799
229824085
537998894
124414201
49367700
104145522
154930852
432002879
175376707
333440391
217020159
110890109
256566039
502111062
203947582
326982737
168407677
367978785
227085205
108700246
110374639
402515627
447512465
280738020
187213680
346321803
58284538
222185413
190879843
463883039
62656303
149495020
438907293
112464597
6232694
393828355
60527956
157175356
135395723
528308713
544115530
38872737
452345717
133222787
76948121
426029185
81280862
324088291
156767709
484171973
135885776
56343905
100374894
501451618
359822724
58423710
195651042
6864621
39790213
35462634
174388579
219937417
154848517
242159308
172252867
227090046
336923979
200686852
186519529
447473115
354150209
528271980
213282750
243004773
470982243
172583134
43516237
126062495
469367894
251827584
309839127
123443586
267818206
108394266
114304346
257698233
497789281
524817256
310755141
609246359
139738931
603489337
5914520
597621103
571813679
150747066
199205794
135520180
148202404
248651661
231437621
346461402
290686263
182398011
325393360
268175844
174714289
153018086
201203961
182818173
142251913
4801432
240470974
150707640
144971331
54251747
15640011
23735157
170960136
273684395
240923677
394478680
135480857
492328305
185787269
445827846
335059154
116411306
190513486
7954182
58792774
586521203
246787574
400830620
406331209
368747678
144507043
495700928
35393724
66345991
238742409
264439267
144719298
244212264
187585858
460841584
175952788
467760761
542063600
231867013
191594646
196335256
189537969
154385682
17051907
221342849
484979734
272758572
64565745
145230768
280667718
124984648
513208337
85753597
147263277
51803644
449884051
199143521
278157753
25566355
346460111
319824063
26160365
120590219
353532886
91218981
399823126
316105041
154763197
181641231
181710385
267531136
161772016
199594375
157860301
150818398
583355401
20366445
350204549
223076649
300595699
538407260
146543510
128011696
509530444
127928415
178628457
177788273
110761409
217051568
322636777
196031761
180856870
109440097
37398012
9609941
229788041
132308327
514521850
47432875
243143661
35292409
178478117
510316209
301279472
298649830
140154761
342222544
194493210
515406976
186165531
146708770
416583679
214353973
54699331
272849650
143296405
373136317
186734238
184210128
22568597
23311228
428284846
146233796
514937841
163773002
289168275
216591126
543277767
309540499
246768884
16278263
159525518
196717636
408919637
307701374
41689034
563069244
237278109
527556587
329587429
343989705
27740250
142889206
152718650
289201033
239325377
532745252
376655141
4510655
355738600
58163061
148896263
161099620
278477396
47653020
123136557
8496045
190422569
36930243
56142736
540175317
28669319
75532938
97630906
569631486
220186880
426670033
134013392
208081435
219017249
453885825
212785249
335568768
391128181
324190528
199661567
95325544
547259446
241931769
322427215
128358516
235633123
494014068
61908382
200679802
405320093
306242879
416271517
485935190
500856759
125930374
573906152
407438056
23162222
522831417
123570877
71601862
91204336
458040611
144083721
218567523
320035526
63630443
156471468
209711994
44086252
350813036
244328353
209480623
467438439
411644117
38397500
360999182
324694189
139759144
355874146
265688832
131879151
601270579
291912972
215732088
14146289
228408259
530070453
514669105
349897141
554764931
281127082
534173240
109539607
294622535
372450013
403324515
318365335
289996873
503520690
585630215
195878099
387639950
218286609
173931074
164161207
191333074
101333065
582591515
196996174
458328979
408806508
35010001
143222033
202624342
188391935
56010497
153562416
124670873
585299768
230690765
75498524
118755282
218755430
204929952
184771408
78142441
183601766
112386459
575540107
225895465
417344863
289726955
609146327
101854845
268826361
533181699
112076040
213058629
13071155
587938242
305645064
182183958
515579143
216422148
564609287
604352187
195626236
154380493
107001094
403323507
435520360
354324386
333475821
155082705
178967615
317409087
276944578
310356973
268981696
184915231
109907724
357420497
436382764
402774490
74433737
403030266
131662922
435569033
142596390
448882953
34218163
543918240
45276611
138157623
81817358
183276973
520835421
203263012
187923426
410566720
137295413
435269726
418417499
372009277
467105095
160177669
440043646
366352036
256219565
258391880
261926969
147873557
557871614
34299807
147923592
273305428
131707925
173033902
186432230
300779372
419558580
190548439
282534765
84590957
472585665
74202453
566365328
237059891
333537577
413998866
222648059
25960866
283641114
190150193
88560263
397913088
98338990
386238910
214348139
403755197
576710113
132362721
89952552
487658109
221322203
320142773
538285213
363619715
136325464
179031568
294179320
260472483
10787396
135834320
132838570
104239403
83377650
120727373
301034141
239724163
163786440
213618636
89854917
363836430
253645963
226052821
367916684
141315534
545369965
211109770
267714839
138454922
310695496
279789124
84299201
383332322
447051853
253953628
444712815
312552823
467905483
144957655
559635211
360306798
272819986
50133566
154827177
363735154
7968359
560382379
223981943
303537359
333512269
193499948
229815792
477941861
345132478
537963089
284167205
346238987
346762354
165519600
280393313
173432703
134115004
212577540
14389514
611540881
271032884
139856486
581383252
602603664
592415894
574754566
174916557
166958342
541046520
168675106
527281751
254223752
360394268
207933401
291211209
22866748
352223777
220372045
278168373
329705473
592309680
88515227
386543767
523185179
120089109
551717974
262545211
512055382
513820311
137641297
134709601
308088669
234900638
153586456
531688420
70135848
226578683
517454407
238159859
135710713
133135031
304489111
194247065
30546580
182026149
305593555
270792345
369414226
380436146
288840231
63107809
199342922
68328386
392957941
358671943
284997806
159534776
27989394
449133091
358758303
329480734
177019252
365901299
338889429
132878915
395600312
151856794
212275661
242889343
121369393
147540090
310850769
19276276
138756724
224477334
19609667
266016623
562935474
146053627
185473600
491714483
26844233
158602369
156977480
344221371
275071443
276701103
453476730
68209718
26837655
175444052
272999409
337791527
309312455
509475630
538838964
157832390
212038667
163815771
360274735
248183008
369095406
349874970
385438728
141626226
233872699
182427897
128855169
10894421
105135192
562474820
231010888
439745957
207463940
583020649
589565671
384782820
192448784
307708731
285592270
613670560
324249319
176547004
152244428
101850818
211742178
571858263
327714070
218756102
197546955
9279855
577715833
94095827
151410329
187476075
13430493
488039685
222690669
221257597
166759454
495681818
291428852
595483176
800006
305535513
306560722
394745773
174475076
227983110
335666519
136420258
178690369
207598185
601471581
186879733
278748725
215270529
250836852
192841210
201722574
432348958
573423469
297369132
113720908
191368275
96228122
430824240
278635765
238963400
486321151
141479025
241901647
538457541
240723569
306430662
162889903
532297369
299083936
189079249
327214282
456058904
364380189
250430144
196718821
506799330
37467201
22718112
551007676
219766688
428349136
329359508
281151016
167116020
301737021
195816462
64215567
185726355
341276114
331881537
314611795
206091355
174017358
254613014
154815883
124084741
169426409
148508377
166685193
303922078
52249580
130999922
212429184
232331365
114069708
349385264
154691761
339877197
58816743
23664894
23664894
349385264
114069708
232331365
242889343
58816743
254344536
154691761
488039685
38397500
259440283
333537577
223689554
281151016
24779322
272205895
89952552
88283420
46915397
135009155
178629388
4621529
222572013
357979668
232560803
211714869
560827162
129738860
195235575
64565745
206067441
147544748
100661992
570842506
503278903
247985174
139553879
265688832
61671494
188648181
480090626
181469966
16835287
415050457
517934449
346575225
81762622
193222248
373998850
251754649
127901631
261325548
238528832
321731864
311095864
335681250
402592903
378247409
263019048
357024717
318996052
332805483
226930843
152814056
136455180
167804232
286836573
278329520
246854669
74627186
460780626
132359337
419845637
384556354
247276448
130209112
54587217
337789625
181269009
137018437
166139017
288231110
258662246
32777941
560698589
93137484
45287924
262816886
182223832
279170469
69467382
41186618
225820256
64092298
188206909
38842692
248927750
382242988
210938301
131940546
195355256
